1.240e+00 0.000e+00
1.240e+00 5.000e-01
1.240e+00 1.160e+00
1.240e+00 1.240e+00
1.650e+00 1.630e+00
1.820e+00 1.650e+00
1.900e+00 1.630e+00
1.900e+00 1.340e+00
1.900e+00 1.125e+00
1.935e+00 1.090e+00
2.324e+00 1.090e+00
2.660e+00 6.300e-01
2.660e+00 0.000e+00
2.660e+00 -6.300e-01
2.324e+00 -1.090e+00
1.935e+00 -1.090e+00
1.900e+00 -1.125e+00
1.900e+00 -1.340e+00
1.900e+00 -1.630e+00
1.820e+00 -1.650e+00
1.650e+00 -1.630e+00
1.240e+00 -1.240e+00
1.240e+00 -1.160e+00
1.240e+00 -5.000e-01
1.240e+00 -0.000e+00
